1,1,215,422,34,76,1,1,1
1,2,280,422,40,67,1,1,1
1,3,900,427,47,83,1,1,1
1,4,672,190,31,84,1,1,1
2,1,215,422,34,76,1,1,1
2,2,280,422,40,67,1,1,1
2,3,900,427,47,83,1,1,1
2,4,672,190,31,84,1,1,1
3,1,212,422,34,76,1,1,1
3,2,277,422,40,67,1,1,1
3,3,897,427,47,83,1,1,1
3,4,669,190,31,84,1,1,1
4,1,209,422,34,76,1,1,1
4,2,274,422,40,67,1,1,1
4,3,894,427,47,83,1,1,1
4,4,666,190,31,84,1,1,1
5,1,207,422,34,76,1,1,1
5,2,271,422,40,67,1,1,1
5,3,891,427,47,83,1,1,1
5,4,663,190,31,84,1,1,1
6,1,198,422,40,76,1,1,1
6,2,268,422,40,67,1,1,1
6,3,889,427,47,83,1,1,1
6,4,661,190,31,84,1,1,1
7,1,195,422,39,76,1,1,1
7,2,265,422,40,67,1,1,1
7,3,886,427,47,83,1,1,1
7,4,658,190,31,84,1,1,1
8,1,192,422,39,76,1,1,1
8,2,262,422,40,67,1,1,1
8,3,888,427,42,83,1,1,1
8,4,655,190,31,84,1,1,1
9,1,189,422,39,76,1,1,1
9,2,259,422,40,67,1,1,1
9,3,886,427,42,83,1,1,1
9,4,653,190,31,84,1,1,1
10,1,185,422,40,76,1,1,1
10,2,256,422,40,67,1,1,1
10,3,883,427,42,83,1,1,1
10,4,650,190,31,84,1,1,1
10,5,970,427,20,78,1,1,1
11,1,182,422,40,76,1,1,1
11,2,253,422,40,67,1,1,1
11,3,880,427,42,83,1,1,1
11,4,647,190,31,84,1,1,1
11,5,967,427,23,78,1,1,1
12,1,179,422,39,76,1,1,1
12,2,250,422,40,67,1,1,1
12,3,877,427,42,83,1,1,1
12,4,645,190,31,84,1,1,1
12,5,965,427,25,78,1,1,1
13,1,176,422,39,76,1,1,1
13,2,247,422,40,67,1,1,1
13,3,875,427,42,83,1,1,1
13,4,642,190,31,84,1,1,1
13,5,962,427,28,78,1,1,1
14,1,173,422,39,76,1,1,1
14,2,244,422,40,67,1,1,1
14,3,880,427,34,83,1,1,1
14,4,640,190,31,84,1,1,1
14,5,960,427,30,78,1,1,1
15,1,169,422,40,76,1,1,1
15,2,241,422,40,67,1,1,1
15,3,877,427,34,83,1,1,1
15,4,638,190,31,84,1,1,1
15,5,958,427,32,78,1,1,1
16,1,166,422,40,76,1,1,1
16,2,238,422,40,67,1,1,1
16,3,875,427,34,83,1,1,1
16,4,637,190,31,84,1,1,1
16,5,955,427,32,78,1,1,1
17,1,163,422,39,76,1,1,1
17,2,235,422,40,67,1,1,1
17,3,872,427,34,83,1,1,1
17,4,635,190,31,84,1,1,1
17,5,953,427,32,78,1,1,1
18,1,160,422,39,76,1,1,1
18,2,232,422,40,67,1,1,1
18,3,869,427,34,83,1,1,1
18,4,634,190,31,84,1,1,1
18,5,950,427,32,78,1,1,1
19,1,157,422,39,76,1,1,1
19,2,229,422,40,67,1,1,1
19,3,867,427,34,83,1,1,1
19,4,633,190,31,84,1,1,1
19,5,948,427,32,78,1,1,1
20,1,153,422,40,76,1,1,1
20,2,226,422,40,67,1,1,1
20,3,864,427,34,83,1,1,1
20,4,632,190,31,84,1,1,1
20,5,946,427,32,78,1,1,1
21,1,150,422,40,76,1,1,1
21,2,223,422,40,67,1,1,1
21,3,861,427,34,83,1,1,1
21,4,631,190,31,84,1,1,1
21,5,943,427,32,78,1,1,1
22,1,147,422,39,76,1,1,1
22,2,220,422,40,67,1,1,1
22,3,858,427,34,83,1,1,1
22,4,631,190,31,84,1,1,1
22,5,941,427,32,78,1,1,1
23,1,144,422,39,76,1,1,1
23,2,217,422,40,67,1,1,1
23,3,856,427,34,83,1,1,1
23,4,627,190,31,84,1,1,1
23,5,938,427,32,78,1,1,1
24,1,141,422,39,76,1,1,1
24,2,214,422,40,67,1,1,1
24,3,853,427,34,83,1,1,1
24,4,624,190,31,84,1,1,1
24,5,936,427,32,78,1,1,1
25,1,137,422,40,76,1,1,1
25,2,211,422,40,67,1,1,1
25,3,850,427,34,83,1,1,1
25,4,622,190,31,84,1,1,1
25,5,934,427,32,78,1,1,1
26,1,134,422,35,76,1,1,1
26,2,208,422,40,67,1,1,1
26,3,848,427,34,83,1,1,1
26,4,619,190,31,84,1,1,1
26,5,931,427,32,78,1,1,1
27,1,132,422,38,76,1,1,1
27,2,205,422,40,67,1,1,1
27,3,837,427,42,83,1,1,1
27,4,624,190,25,84,1,1,1
27,5,929,427,32,78,1,1,1
28,1,130,422,38,76,1,1,1
28,2,202,422,40,67,1,1,1
28,3,834,427,42,83,1,1,1
28,4,622,190,25,84,1,1,1
28,5,926,427,32,78,1,1,1
29,1,128,422,38,76,1,1,1
29,2,199,422,40,67,1,1,1
29,3,832,427,42,83,1,1,1
29,4,619,190,25,84,1,1,1
29,5,924,427,32,78,1,1,1
30,1,120,422,44,76,1,1,1
30,2,196,422,40,67,1,1,1
30,3,811,427,60,83,1,1,1
30,4,617,190,25,84,1,1,1
30,5,921,427,32,78,1,1,1
31,1,118,422,44,76,1,1,1
31,2,193,422,40,67,1,1,1
31,3,808,427,60,83,1,1,1
31,4,614,190,25,84,1,1,1
31,5,919,427,32,78,1,1,1
32,1,116,422,43,76,1,1,1
32,2,190,422,40,67,1,1,1
32,3,805,427,60,83,1,1,1
32,4,611,190,25,84,1,1,1
32,5,916,427,32,78,1,1,1
33,1,114,422,43,76,1,1,1
33,2,187,422,40,67,1,1,1
33,3,803,427,60,83,1,1,1
33,4,609,190,25,84,1,1,1
33,5,914,427,32,78,1,1,1
34,1,112,422,43,76,1,1,1
34,2,184,422,40,67,1,1,1
34,3,800,427,60,83,1,1,1
34,4,606,190,25,84,1,1,1
34,5,911,427,32,78,1,1,1
35,1,109,422,44,76,1,1,1
35,2,181,422,40,67,1,1,1
35,3,797,427,60,83,1,1,1
35,4,604,190,25,84,1,1,1
35,5,909,427,32,78,1,1,1
36,1,107,422,39,76,1,1,1
36,2,178,422,40,67,1,1,1
36,3,811,427,44,83,1,1,1
36,4,604,190,25,84,1,1,1
36,5,906,427,32,78,1,1,1
37,1,105,422,38,76,1,1,1
37,2,175,422,40,67,1,1,1
37,3,815,427,37,83,1,1,1
37,4,601,190,30,84,1,1,1
37,5,901,427,35,78,1,1,1
38,1,103,422,38,76,1,1,1
38,2,172,422,40,67,1,1,1
38,3,812,427,37,83,1,1,1
38,4,599,190,30,84,1,1,1
38,5,898,427,35,78,1,1,1
39,1,101,422,38,76,1,1,1
39,2,169,422,40,67,1,1,1
39,3,810,427,37,83,1,1,1
39,4,596,190,30,84,1,1,1
39,5,896,427,35,78,1,1,1
40,1,98,422,39,76,1,1,1
40,2,166,422,40,67,1,1,1
40,3,807,427,37,83,1,1,1
40,4,594,190,30,84,1,1,1
40,5,893,427,35,78,1,1,1
41,1,96,422,39,76,1,1,1
41,2,163,422,40,67,1,1,1
41,3,804,427,37,83,1,1,1
41,4,596,190,28,84,1,1,1
41,5,891,427,35,78,1,1,1
42,1,94,422,38,76,1,1,1
42,2,160,422,40,67,1,1,1
42,3,801,427,37,83,1,1,1
42,4,593,190,28,84,1,1,1
42,5,888,427,35,78,1,1,1
43,1,92,422,38,76,1,1,1
43,2,157,422,40,67,1,1,1
43,3,799,427,37,83,1,1,1
43,4,591,190,28,84,1,1,1
43,5,886,427,35,78,1,1,1
44,1,90,422,38,76,1,1,1
44,2,154,422,40,67,1,1,1
44,3,796,427,37,83,1,1,1
44,4,588,190,28,84,1,1,1
44,5,883,427,35,78,1,1,1
45,1,87,422,39,76,1,1,1
45,2,151,422,40,67,1,1,1
45,3,793,427,37,83,1,1,1
45,4,586,190,28,84,1,1,1
45,5,881,427,35,78,1,1,1
46,1,76,422,44,76,1,1,1
46,2,148,422,40,67,1,1,1
46,3,791,427,37,83,1,1,1
46,4,587,190,31,84,1,1,1
46,5,872,427,35,78,1,1,1
47,1,74,422,43,76,1,1,1
47,2,145,422,40,67,1,1,1
47,3,788,427,37,83,1,1,1
47,4,586,190,31,84,1,1,1
47,5,870,427,35,78,1,1,1
48,1,72,422,43,76,1,1,1
48,2,142,422,40,67,1,1,1
48,3,785,427,37,83,1,1,1
48,4,586,190,31,84,1,1,1
48,5,867,427,35,78,1,1,1
49,1,70,422,43,76,1,1,1
49,2,139,422,40,67,1,1,1
49,3,783,427,37,83,1,1,1
49,4,585,190,31,84,1,1,1
49,5,865,427,35,78,1,1,1
50,1,67,422,44,76,1,1,1
50,2,136,422,40,67,1,1,1
50,3,780,427,33,83,1,1,1
50,4,585,190,31,84,1,1,1
50,5,862,427,35,78,1,1,1
51,1,65,422,44,76,1,1,1
51,2,133,422,40,67,1,1,1
51,3,777,427,33,83,1,1,1
51,4,584,190,31,84,1,1,1
51,5,860,427,35,78,1,1,1
52,1,61,422,39,76,1,1,1
52,2,130,422,40,67,1,1,1
52,3,773,427,34,83,1,1,1
52,4,583,190,25,84,1,1,1
52,5,857,427,35,78,1,1,1
53,1,59,422,39,76,1,1,1
53,2,127,422,40,67,1,1,1
53,3,759,427,46,83,1,1,1
53,4,583,190,25,84,1,1,1
53,5,854,427,35,78,1,1,1
54,1,57,422,39,76,1,1,1
54,2,124,422,40,67,1,1,1
54,3,756,427,46,83,1,1,1
54,4,582,190,25,84,1,1,1
54,5,851,427,35,78,1,1,1
55,1,54,422,40,76,1,1,1
55,2,121,422,40,67,1,1,1
55,3,753,427,46,83,1,1,1
55,4,582,190,25,84,1,1,1
55,5,848,427,35,78,1,1,1
56,1,52,422,40,76,1,1,1
56,2,118,422,40,67,1,1,1
56,3,751,427,46,83,1,1,1
56,4,581,190,25,84,1,1,1
56,5,845,427,35,78,1,1,1
57,1,50,422,39,76,1,1,1
57,2,115,422,40,67,1,1,1
57,3,748,427,46,83,1,1,1
57,4,580,190,25,84,1,1,1
57,5,842,427,35,78,1,1,1
58,1,48,422,32,76,1,1,1
58,2,112,422,40,67,1,1,1
58,3,745,427,46,83,1,1,1
58,4,580,190,25,84,1,1,1
58,5,839,427,35,78,1,1,1
59,1,46,422,32,76,1,1,1
59,2,109,422,40,67,1,1,1
59,3,743,427,46,83,1,1,1
59,4,579,190,25,84,1,1,1
59,5,836,427,35,78,1,1,1
60,1,43,422,33,76,1,1,1
60,2,106,422,40,67,1,1,1
60,3,740,427,46,83,1,1,1
60,4,579,190,25,84,1,1,1
60,5,833,427,35,78,1,1,1
61,1,41,422,33,76,1,1,1
61,2,103,422,40,67,1,1,1
61,3,737,427,46,83,1,1,1
61,4,578,190,25,84,1,1,1
61,5,830,427,35,78,1,1,1
62,1,39,422,32,76,1,1,1
62,2,100,422,40,67,1,1,1
62,3,734,427,46,83,1,1,1
62,4,577,190,25,84,1,1,1
62,5,827,427,35,78,1,1,1
63,1,37,422,32,76,1,1,1
63,2,97,422,40,67,1,1,1
63,3,732,427,46,83,1,1,1
63,4,577,190,25,84,1,1,1
63,5,824,427,35,78,1,1,1
64,1,37,422,30,76,1,1,1
64,2,94,422,45,67,1,1,1
64,3,729,427,46,83,1,1,1
64,4,572,190,25,84,1,1,1
64,5,818,427,35,78,1,1,1
65,1,37,422,28,76,1,1,1
65,2,91,422,45,67,1,1,1
65,3,726,427,46,83,1,1,1
65,4,572,190,25,84,1,1,1
65,5,815,427,35,78,1,1,1
66,1,37,422,26,76,1,1,1
66,2,88,422,45,67,1,1,1
66,3,724,427,46,83,1,1,1
66,4,571,190,25,84,1,1,1
66,5,812,427,35,78,1,1,1
67,1,37,422,23,76,1,1,1
67,2,85,422,45,67,1,1,1
67,3,721,427,46,83,1,1,1
67,4,570,190,25,84,1,1,1
67,5,809,427,35,78,1,1,1
68,1,37,422,21,76,1,1,1
68,2,82,422,45,67,1,1,1
68,3,718,427,46,83,1,1,1
68,4,570,190,25,84,1,1,1
68,5,806,427,35,78,1,1,1
69,1,37,422,19,76,1,1,1
69,2,79,422,45,67,1,1,1
69,3,716,427,46,83,1,1,1
69,4,569,190,25,84,1,1,1
69,5,803,427,35,78,1,1,1
70,1,37,422,17,76,1,1,1
70,2,76,422,45,67,1,1,1
70,3,718,427,41,83,1,1,1
70,4,568,190,25,84,1,1,1
70,5,800,427,35,78,1,1,1
71,2,73,422,45,67,1,1,1
71,3,715,427,41,83,1,1,1
71,4,568,190,25,84,1,1,1
71,5,797,427,35,78,1,1,1
71,6,961,427,36,78,1,1,1
72,2,73,422,42,67,1,1,1
72,3,712,427,41,83,1,1,1
72,4,568,190,25,84,1,1,1
72,5,794,427,35,78,1,1,1
72,6,958,427,36,78,1,1,1
73,2,73,422,39,67,1,1,1
73,3,710,427,41,83,1,1,1
73,4,569,190,25,84,1,1,1
73,5,791,427,35,78,1,1,1
73,6,955,427,36,78,1,1,1
74,2,70,422,39,67,1,1,1
74,3,707,427,41,83,1,1,1
74,4,570,190,25,84,1,1,1
74,5,788,427,35,78,1,1,1
74,6,952,427,36,78,1,1,1
75,2,67,422,39,67,1,1,1
75,3,704,427,41,83,1,1,1
75,4,571,190,25,84,1,1,1
75,5,785,427,35,78,1,1,1
75,6,949,427,36,78,1,1,1
76,2,64,422,39,67,1,1,1
76,3,702,427,41,83,1,1,1
76,4,572,190,25,84,1,1,1
76,5,782,427,35,78,1,1,1
76,6,947,427,36,78,1,1,1
77,2,61,422,39,67,1,1,1
77,3,701,427,34,83,1,1,1
77,4,576,190,26,84,1,1,1
77,5,774,427,35,78,1,1,1
77,6,944,427,36,78,1,1,1
78,2,58,422,39,67,1,1,1
78,3,698,427,34,83,1,1,1
78,4,577,190,26,84,1,1,1
78,5,771,427,30,78,1,1,1
78,6,953,427,34,78,1,1,1
79,2,55,422,39,67,1,1,1
79,3,696,427,34,83,1,1,1
79,4,577,190,26,84,1,1,1
79,5,768,427,30,78,1,1,1
79,6,950,427,34,78,1,1,1
80,2,52,422,39,67,1,1,1
80,3,693,427,34,83,1,1,1
80,4,578,190,26,84,1,1,1
80,5,765,427,30,78,1,1,1
80,6,947,427,34,78,1,1,1
81,2,52,422,36,67,1,1,1
81,3,690,427,34,83,1,1,1
81,4,579,190,26,84,1,1,1
81,5,762,427,30,78,1,1,1
81,6,945,427,34,78,1,1,1
82,2,52,422,33,67,1,1,1
82,3,687,427,34,83,1,1,1
82,4,580,190,26,84,1,1,1
82,5,759,427,30,78,1,1,1
82,6,942,427,34,78,1,1,1
83,2,52,422,30,67,1,1,1
83,3,685,427,34,83,1,1,1
83,4,581,190,26,84,1,1,1
83,5,756,427,30,78,1,1,1
83,6,939,427,34,78,1,1,1
84,2,52,422,27,67,1,1,1
84,3,682,427,34,83,1,1,1
84,4,582,190,26,84,1,1,1
84,5,753,427,30,78,1,1,1
84,6,936,427,34,78,1,1,1
85,2,52,422,24,67,1,1,1
85,3,679,427,34,83,1,1,1
85,4,583,190,26,84,1,1,1
85,5,750,427,30,78,1,1,1
85,6,933,427,34,78,1,1,1
86,2,52,422,21,67,1,1,1
86,3,677,427,34,83,1,1,1
86,4,584,190,26,84,1,1,1
86,5,747,427,30,78,1,1,1
86,6,931,427,34,78,1,1,1
87,3,674,427,34,83,1,1,1
87,4,585,190,26,84,1,1,1
87,5,744,427,30,78,1,1,1
87,6,928,427,34,78,1,1,1
88,3,671,427,34,83,1,1,1
88,4,586,190,26,84,1,1,1
88,5,741,427,30,78,1,1,1
88,6,925,427,34,78,1,1,1
89,3,669,427,34,83,1,1,1
89,4,587,190,26,84,1,1,1
89,5,738,427,30,78,1,1,1
89,6,922,427,34,78,1,1,1
90,3,666,427,34,83,1,1,1
90,4,588,190,26,84,1,1,1
90,5,735,427,30,78,1,1,1
90,6,918,427,34,78,1,1,1
91,3,663,427,34,83,1,1,1
91,4,589,190,26,84,1,1,1
91,5,732,427,30,78,1,1,1
91,6,915,427,34,78,1,1,1
92,3,660,427,34,83,1,1,1
92,4,590,190,26,84,1,1,1
92,5,729,427,30,78,1,1,1
92,6,912,427,34,78,1,1,1
93,3,658,427,34,83,1,1,1
93,4,591,190,26,84,1,1,1
93,5,726,427,30,78,1,1,1
93,6,909,427,34,78,1,1,1
94,3,655,427,34,83,1,1,1
94,4,592,190,26,84,1,1,1
94,5,723,427,30,78,1,1,1
94,6,906,427,34,78,1,1,1
95,3,652,427,34,83,1,1,1
95,4,593,190,26,84,1,1,1
95,5,720,427,30,78,1,1,1
95,6,903,427,34,78,1,1,1
96,3,650,427,34,83,1,1,1
96,4,594,190,26,84,1,1,1
96,5,717,427,30,78,1,1,1
96,6,900,427,34,78,1,1,1
97,3,647,427,34,83,1,1,1
97,4,595,190,26,84,1,1,1
97,5,714,427,30,78,1,1,1
97,6,897,427,34,78,1,1,1
98,3,644,427,34,83,1,1,1
98,4,596,190,26,84,1,1,1
98,5,711,427,30,78,1,1,1
98,6,894,427,34,78,1,1,1
99,3,642,427,34,83,1,1,1
99,4,597,190,26,84,1,1,1
99,5,708,427,30,78,1,1,1
99,6,891,427,34,78,1,1,1
100,3,639,427,34,83,1,1,1
100,4,598,190,26,84,1,1,1
100,5,705,427,30,78,1,1,1
100,6,887,427,34,78,1,1,1
101,3,636,427,34,83,1,1,1
101,4,599,190,26,84,1,1,1
101,5,702,427,30,78,1,1,1
101,6,884,427,34,78,1,1,1
102,3,633,427,34,83,1,1,1
102,4,600,190,26,84,1,1,1
102,5,699,427,30,78,1,1,1
102,6,881,427,34,78,1,1,1
103,3,631,427,34,83,1,1,1
103,4,601,190,26,84,1,1,1
103,5,696,427,30,78,1,1,1
103,6,878,427,34,78,1,1,1
104,3,628,427,34,83,1,1,1
104,4,602,190,26,84,1,1,1
104,5,693,427,30,78,1,1,1
104,6,875,427,34,78,1,1,1
105,3,625,427,34,83,1,1,1
105,4,603,190,26,84,1,1,1
105,5,690,427,30,78,1,1,1
105,6,872,427,34,78,1,1,1
106,3,623,427,34,83,1,1,1
106,4,604,190,26,84,1,1,1
106,5,687,427,30,78,1,1,1
106,6,869,427,34,78,1,1,1
107,3,620,427,34,83,1,1,1
107,4,605,190,26,84,1,1,1
107,5,684,427,30,78,1,1,1
107,6,866,427,34,78,1,1,1
108,3,617,427,34,83,1,1,1
108,4,603,190,34,84,1,1,1
108,5,679,427,35,78,1,1,1
108,6,863,427,36,78,1,1,1
109,3,615,427,34,83,1,1,1
109,4,604,190,34,84,1,1,1
109,5,676,427,35,78,1,1,1
109,6,860,427,36,78,1,1,1
110,3,612,427,34,83,1,1,1
110,4,605,190,34,84,1,1,1
110,5,673,427,35,78,1,1,1
110,6,856,427,36,78,1,1,1
111,3,609,427,34,83,1,1,1
111,4,606,190,34,84,1,1,1
111,5,670,427,35,78,1,1,1
111,6,853,427,36,78,1,1,1
112,3,606,427,34,83,1,1,1
112,4,607,190,34,84,1,1,1
112,5,667,427,35,78,1,1,1
112,6,850,427,36,78,1,1,1
113,3,604,427,34,83,1,1,1
113,4,609,190,34,84,1,1,1
113,5,664,427,35,78,1,1,1
113,6,847,427,36,78,1,1,1
114,3,601,427,34,83,1,1,1
114,4,611,190,34,84,1,1,1
114,5,661,427,35,78,1,1,1
114,6,844,427,36,78,1,1,1
115,3,598,427,34,83,1,1,1
115,4,613,190,34,84,1,1,1
115,5,658,427,35,78,1,1,1
115,6,841,427,36,78,1,1,1
116,3,596,427,34,83,1,1,1
116,4,616,190,34,84,1,1,1
116,5,655,427,35,78,1,1,1
116,6,838,427,36,78,1,1,1
117,3,593,427,34,83,1,1,1
117,4,618,190,34,84,1,1,1
117,5,652,427,35,78,1,1,1
117,6,835,427,36,78,1,1,1
118,3,590,427,34,83,1,1,1
118,4,620,190,34,84,1,1,1
118,5,649,427,35,78,1,1,1
118,6,832,427,36,78,1,1,1
119,3,588,427,34,83,1,1,1
119,4,622,190,34,84,1,1,1
119,5,646,427,35,78,1,1,1
119,6,829,427,36,78,1,1,1
120,3,583,427,32,83,1,1,1
120,4,624,190,34,84,1,1,1
120,5,643,427,35,78,1,1,1
120,6,825,427,36,78,1,1,1
121,3,580,427,32,83,1,1,1
121,4,627,190,34,84,1,1,1
121,5,640,427,35,78,1,1,1
121,6,822,427,36,78,1,1,1
122,3,577,427,32,83,1,1,1
122,4,629,190,34,84,1,1,1
122,5,637,427,35,78,1,1,1
122,6,819,427,36,78,1,1,1
123,3,575,427,32,83,1,1,1
123,4,631,190,34,84,1,1,1
123,5,634,427,35,78,1,1,1
123,6,816,427,36,78,1,1,1
124,3,572,427,32,83,1,1,1
124,4,633,190,34,84,1,1,1
124,5,631,427,35,78,1,1,1
124,6,813,427,36,78,1,1,1
125,3,569,427,32,83,1,1,1
125,4,635,190,34,84,1,1,1
125,5,628,427,35,78,1,1,1
125,6,810,427,36,78,1,1,1
126,3,567,427,32,83,1,1,1
126,4,638,190,34,84,1,1,1
126,5,625,427,35,78,1,1,1
126,6,807,427,36,78,1,1,1
127,3,564,427,32,83,1,1,1
127,4,640,190,34,84,1,1,1
127,5,622,427,35,78,1,1,1
127,6,804,427,36,78,1,1,1
128,3,561,427,32,83,1,1,1
128,4,642,190,34,84,1,1,1
128,5,619,427,35,78,1,1,1
128,6,801,427,36,78,1,1,1
129,3,559,427,32,83,1,1,1
129,4,644,190,34,84,1,1,1
129,5,616,427,35,78,1,1,1
129,6,797,427,36,78,1,1,1
130,3,556,427,32,83,1,1,1
130,4,646,190,34,84,1,1,1
130,5,613,427,35,78,1,1,1
130,6,794,427,36,78,1,1,1
131,3,553,427,32,83,1,1,1
131,4,649,190,34,84,1,1,1
131,5,610,427,35,78,1,1,1
131,6,791,427,36,78,1,1,1
132,3,550,427,32,83,1,1,1
132,4,651,190,34,84,1,1,1
132,5,607,427,35,78,1,1,1
132,6,788,427,36,78,1,1,1
133,3,548,427,32,83,1,1,1
133,4,653,190,34,84,1,1,1
133,5,604,427,35,78,1,1,1
133,6,785,427,36,78,1,1,1
134,3,540,427,31,83,1,1,1
134,4,655,190,34,84,1,1,1
134,5,601,427,35,78,1,1,1
134,6,782,427,36,78,1,1,1
135,3,537,427,31,83,1,1,1
135,4,657,190,34,84,1,1,1
135,5,598,427,35,78,1,1,1
135,6,779,427,36,78,1,1,1
136,3,535,427,31,83,1,1,1
136,4,660,190,34,84,1,1,1
136,5,595,427,35,78,1,1,1
136,6,776,427,36,78,1,1,1
137,3,534,427,33,83,1,1,1
137,4,660,190,34,84,1,1,1
137,5,592,427,35,78,1,1,1
137,6,773,427,36,78,1,1,1
138,3,531,427,33,83,1,1,1
138,4,662,190,34,84,1,1,1
138,5,589,427,35,78,1,1,1
138,6,770,427,36,78,1,1,1
139,3,529,427,33,83,1,1,1
139,4,664,190,34,84,1,1,1
139,5,586,427,35,78,1,1,1
139,6,767,427,36,78,1,1,1
140,3,526,427,33,83,1,1,1
140,4,666,190,34,84,1,1,1
140,5,583,427,35,78,1,1,1
140,6,764,427,36,78,1,1,1
141,3,523,427,33,83,1,1,1
141,4,669,190,34,84,1,1,1
141,5,580,427,35,78,1,1,1
141,6,761,427,36,78,1,1,1
142,3,520,427,33,83,1,1,1
142,4,671,190,34,84,1,1,1
142,5,577,427,35,78,1,1,1
142,6,758,427,36,78,1,1,1
143,3,518,427,33,83,1,1,1
143,4,673,190,34,84,1,1,1
143,5,574,427,35,78,1,1,1
143,6,755,427,36,78,1,1,1
144,3,515,427,33,83,1,1,1
144,4,675,190,34,84,1,1,1
144,5,571,427,35,78,1,1,1
144,6,752,427,36,78,1,1,1
145,3,512,427,33,83,1,1,1
145,4,677,190,34,84,1,1,1
145,5,568,427,35,78,1,1,1
145,6,749,427,36,78,1,1,1
146,3,510,427,33,83,1,1,1
146,4,680,190,34,84,1,1,1
146,5,565,427,35,78,1,1,1
146,6,746,427,36,78,1,1,1
147,3,507,427,33,83,1,1,1
147,4,682,190,34,84,1,1,1
147,5,562,427,35,78,1,1,1
147,6,743,427,36,78,1,1,1
148,3,504,427,33,83,1,1,1
148,4,684,190,34,84,1,1,1
148,5,559,427,35,78,1,1,1
148,6,740,427,36,78,1,1,1
149,3,502,427,33,83,1,1,1
149,4,686,190,34,84,1,1,1
149,5,556,427,35,78,1,1,1
149,6,737,427,36,78,1,1,1
150,3,499,427,33,83,1,1,1
150,4,688,190,34,84,1,1,1
150,5,553,427,35,78,1,1,1
150,6,734,427,36,78,1,1,1
151,3,496,427,33,83,1,1,1
151,4,691,190,34,84,1,1,1
151,5,550,427,35,78,1,1,1
151,6,731,427,36,78,1,1,1
152,3,493,427,33,83,1,1,1
152,4,693,190,34,84,1,1,1
152,5,547,427,35,78,1,1,1
152,6,728,427,36,78,1,1,1
153,3,491,427,33,83,1,1,1
153,4,695,190,34,84,1,1,1
153,5,544,427,35,78,1,1,1
153,6,725,427,36,78,1,1,1
154,3,488,427,33,83,1,1,1
154,4,697,190,34,84,1,1,1
154,5,541,427,35,78,1,1,1
154,6,722,427,36,78,1,1,1
155,3,485,427,33,83,1,1,1
155,4,699,190,34,84,1,1,1
155,5,538,427,35,78,1,1,1
155,6,719,427,36,78,1,1,1
156,3,483,427,33,83,1,1,1
156,4,702,190,34,84,1,1,1
156,5,535,427,35,78,1,1,1
156,6,716,427,36,78,1,1,1
157,3,480,427,33,83,1,1,1
157,4,704,190,34,84,1,1,1
157,5,532,427,35,78,1,1,1
157,6,713,427,36,78,1,1,1
158,3,477,427,33,83,1,1,1
158,4,706,190,34,84,1,1,1
158,5,529,427,35,78,1,1,1
158,6,710,427,36,78,1,1,1
159,3,475,427,33,83,1,1,1
159,4,708,190,34,84,1,1,1
159,5,526,427,35,78,1,1,1
159,6,707,427,36,78,1,1,1
160,3,472,427,33,83,1,1,1
160,4,710,190,34,84,1,1,1
160,5,523,427,35,78,1,1,1
160,6,705,427,35,78,1,1,1
161,3,469,427,33,83,1,1,1
161,4,713,190,34,84,1,1,1
161,5,520,427,35,78,1,1,1
161,6,702,427,35,78,1,1,1
162,3,466,427,33,83,1,1,1
162,4,715,190,34,84,1,1,1
162,5,517,427,35,78,1,1,1
162,6,699,427,35,78,1,1,1
163,3,464,427,33,83,1,1,1
163,4,717,190,34,84,1,1,1
163,5,514,427,35,78,1,1,1
163,6,696,427,35,78,1,1,1
164,3,461,427,30,83,1,1,1
164,4,719,190,34,84,1,1,1
164,5,511,427,35,78,1,1,1
164,6,693,427,35,78,1,1,1
165,3,458,427,30,83,1,1,1
165,4,721,190,34,84,1,1,1
165,5,508,427,35,78,1,1,1
165,6,690,427,35,78,1,1,1
166,3,456,427,30,83,1,1,1
166,4,724,190,34,84,1,1,1
166,5,505,427,35,78,1,1,1
166,6,687,427,35,78,1,1,1
167,3,453,427,30,83,1,1,1
167,4,726,190,34,84,1,1,1
167,5,502,427,35,78,1,1,1
167,6,684,427,35,78,1,1,1
168,3,445,427,30,83,1,1,1
168,4,725,190,34,84,1,1,1
168,5,499,427,35,78,1,1,1
168,6,681,427,35,78,1,1,1
169,3,443,427,30,83,1,1,1
169,4,728,190,34,84,1,1,1
169,5,496,427,35,78,1,1,1
169,6,678,427,35,78,1,1,1
170,3,440,427,30,83,1,1,1
170,4,730,190,34,84,1,1,1
170,5,493,427,35,78,1,1,1
170,6,675,427,35,78,1,1,1
171,3,437,427,30,83,1,1,1
171,4,733,190,34,84,1,1,1
171,5,490,427,35,78,1,1,1
171,6,672,427,35,78,1,1,1
172,3,434,427,30,83,1,1,1
172,4,735,190,34,84,1,1,1
172,5,487,427,35,78,1,1,1
172,6,669,427,35,78,1,1,1
173,3,432,427,30,83,1,1,1
173,4,738,195,34,79,1,1,1
173,5,484,427,35,78,1,1,1
173,6,666,427,35,78,1,1,1
174,3,429,427,30,83,1,1,1
174,4,740,195,34,79,1,1,1
174,5,486,427,35,78,1,1,1
174,6,663,427,35,78,1,1,1
175,3,426,427,30,83,1,1,1
175,4,743,195,34,79,1,1,1
175,5,483,427,35,78,1,1,1
175,6,660,427,35,78,1,1,1
176,3,424,427,30,83,1,1,1
176,4,745,195,34,79,1,1,1
176,5,480,427,35,78,1,1,1
176,6,662,427,35,78,1,1,1
177,3,421,427,30,83,1,1,1
177,4,748,195,34,79,1,1,1
177,5,477,427,35,78,1,1,1
177,6,659,427,35,78,1,1,1
178,3,418,427,30,83,1,1,1
178,4,750,195,34,79,1,1,1
178,5,474,427,35,78,1,1,1
178,6,656,427,35,78,1,1,1
179,3,416,427,30,83,1,1,1
179,4,753,195,34,79,1,1,1
179,5,471,427,35,78,1,1,1
179,6,656,427,35,78,1,1,1
180,3,413,427,30,83,1,1,1
180,4,755,195,34,79,1,1,1
180,5,468,427,35,78,1,1,1
180,6,653,427,35,78,1,1,1
181,3,410,427,30,83,1,1,1
181,4,758,195,34,79,1,1,1
181,5,465,427,35,78,1,1,1
181,6,650,427,35,78,1,1,1
182,3,407,427,30,83,1,1,1
182,4,760,195,34,79,1,1,1
182,5,462,427,35,78,1,1,1
182,6,647,427,35,78,1,1,1
183,3,405,427,30,83,1,1,1
183,4,762,195,32,79,1,1,1
183,5,459,427,35,78,1,1,1
183,6,645,427,32,78,1,1,1
184,3,402,427,30,83,1,1,1
184,4,764,195,32,79,1,1,1
184,5,456,427,35,78,1,1,1
184,6,642,427,32,78,1,1,1
185,3,399,427,30,83,1,1,1
185,4,767,195,32,79,1,1,1
185,5,453,427,35,78,1,1,1
185,6,639,427,32,78,1,1,1
186,3,397,427,30,83,1,1,1
186,4,769,195,32,79,1,1,1
186,5,450,427,35,78,1,1,1
186,6,636,427,32,78,1,1,1
187,3,394,427,30,83,1,1,1
187,4,771,198,31,76,1,1,1
187,5,450,427,35,78,1,1,1
187,6,630,427,28,78,1,1,1
188,3,391,427,30,83,1,1,1
188,4,773,198,31,76,1,1,1
188,5,447,427,35,78,1,1,1
188,6,627,427,28,78,1,1,1
189,3,389,427,30,83,1,1,1
189,4,776,198,31,76,1,1,1
189,5,444,427,35,78,1,1,1
189,6,624,427,28,78,1,1,1
190,3,386,427,30,83,1,1,1
190,4,778,198,31,76,1,1,1
190,5,441,427,35,78,1,1,1
190,6,621,427,28,78,1,1,1
191,3,383,427,30,83,1,1,1
191,4,781,198,31,76,1,1,1
191,5,438,427,35,78,1,1,1
191,6,618,427,28,78,1,1,1
192,3,380,427,30,83,1,1,1
192,4,783,198,31,76,1,1,1
192,5,435,427,35,78,1,1,1
192,6,615,427,28,78,1,1,1
193,3,378,427,30,83,1,1,1
193,4,786,198,31,76,1,1,1
193,5,432,427,35,78,1,1,1
193,6,612,427,28,78,1,1,1
194,3,375,427,30,83,1,1,1
194,4,788,198,31,76,1,1,1
194,5,429,427,35,78,1,1,1
194,6,609,427,28,78,1,1,1
195,3,372,427,30,83,1,1,1
195,4,791,198,31,76,1,1,1
195,5,426,427,35,78,1,1,1
195,6,606,427,28,78,1,1,1
196,3,370,427,30,83,1,1,1
196,4,793,198,31,76,1,1,1
196,5,423,427,35,78,1,1,1
196,6,603,427,28,78,1,1,1
197,3,367,427,30,83,1,1,1
197,4,796,198,31,76,1,1,1
197,5,420,427,35,78,1,1,1
197,6,600,427,28,78,1,1,1
198,3,364,427,30,83,1,1,1
198,4,798,198,31,76,1,1,1
198,5,417,427,35,78,1,1,1
198,6,597,427,28,78,1,1,1
199,3,362,427,30,83,1,1,1
199,4,801,198,31,76,1,1,1
199,5,414,427,35,78,1,1,1
199,6,594,427,28,78,1,1,1
200,3,359,427,30,83,1,1,1
200,4,803,198,31,76,1,1,1
200,5,411,427,35,78,1,1,1
200,6,591,427,28,78,1,1,1
201,3,355,427,31,83,1,1,1
201,4,805,198,28,76,1,1,1
201,5,408,427,35,78,1,1,1
201,6,588,427,28,78,1,1,1
202,3,352,427,31,83,1,1,1
202,4,807,198,28,76,1,1,1
202,5,405,427,35,78,1,1,1
202,6,585,427,28,78,1,1,1
203,3,350,427,31,83,1,1,1
203,4,808,198,28,76,1,1,1
203,5,402,427,35,78,1,1,1
203,6,582,427,28,78,1,1,1
204,3,347,427,31,83,1,1,1
204,4,810,198,28,76,1,1,1
204,5,399,427,35,78,1,1,1
204,6,579,427,28,78,1,1,1
205,3,344,427,31,83,1,1,1
205,4,812,198,28,76,1,1,1
205,5,396,427,35,78,1,1,1
205,6,576,427,28,78,1,1,1
206,3,342,427,31,83,1,1,1
206,4,813,198,26,76,1,1,1
206,5,396,427,32,78,1,1,1
206,6,575,427,28,78,1,1,1
207,3,339,427,31,83,1,1,1
207,4,814,198,26,76,1,1,1
207,5,393,427,32,78,1,1,1
207,6,572,427,28,78,1,1,1
208,3,336,427,31,83,1,1,1
208,4,816,198,26,76,1,1,1
208,5,390,427,32,78,1,1,1
208,6,569,427,28,78,1,1,1
209,3,334,427,31,83,1,1,1
209,4,818,198,26,76,1,1,1
209,5,387,427,32,78,1,1,1
209,6,566,427,28,78,1,1,1
210,3,331,427,31,83,1,1,1
210,4,819,198,26,76,1,1,1
210,5,384,427,32,78,1,1,1
210,6,563,427,28,78,1,1,1
211,3,328,427,31,83,1,1,1
211,4,821,198,26,76,1,1,1
211,5,381,427,32,78,1,1,1
211,6,560,427,28,78,1,1,1
212,3,325,427,31,83,1,1,1
212,4,823,198,26,76,1,1,1
212,5,378,427,32,78,1,1,1
212,6,557,427,28,78,1,1,1
213,3,323,427,31,83,1,1,1
213,4,824,198,26,76,1,1,1
213,5,375,427,32,78,1,1,1
213,6,554,427,28,78,1,1,1
214,3,320,427,31,83,1,1,1
214,4,826,198,26,76,1,1,1
214,5,372,427,32,78,1,1,1
214,6,551,427,28,78,1,1,1
215,3,317,427,31,83,1,1,1
215,4,828,198,26,76,1,1,1
215,5,369,427,32,78,1,1,1
215,6,548,427,28,78,1,1,1
216,3,315,427,31,83,1,1,1
216,4,830,198,26,76,1,1,1
216,5,366,427,32,78,1,1,1
216,6,545,427,28,78,1,1,1
217,3,312,427,31,83,1,1,1
217,4,831,198,26,76,1,1,1
217,5,363,427,32,78,1,1,1
217,6,544,427,27,78,1,1,1
218,3,309,427,31,83,1,1,1
218,4,833,198,26,76,1,1,1
218,5,360,427,32,78,1,1,1
218,6,541,427,27,78,1,1,1
219,3,307,427,31,83,1,1,1
219,4,835,198,26,76,1,1,1
219,5,357,427,32,78,1,1,1
219,6,538,427,27,78,1,1,1
220,3,304,427,31,83,1,1,1
220,4,836,198,26,76,1,1,1
220,5,354,427,32,78,1,1,1
220,6,535,427,27,78,1,1,1
221,3,301,427,31,83,1,1,1
221,4,838,198,26,76,1,1,1
221,5,353,427,30,78,1,1,1
221,6,532,427,27,78,1,1,1
222,3,298,427,31,83,1,1,1
222,4,840,198,26,76,1,1,1
222,5,350,427,30,78,1,1,1
222,6,529,427,27,78,1,1,1
223,3,296,427,31,83,1,1,1
223,4,841,198,26,76,1,1,1
223,5,347,427,30,78,1,1,1
223,6,526,427,27,78,1,1,1
224,3,293,427,31,83,1,1,1
224,4,843,198,26,76,1,1,1
224,5,344,427,30,78,1,1,1
224,6,523,427,27,78,1,1,1
225,3,290,427,31,83,1,1,1
225,4,845,198,26,76,1,1,1
225,5,341,427,30,78,1,1,1
225,6,520,427,27,78,1,1,1
226,3,288,427,31,83,1,1,1
226,4,847,198,26,76,1,1,1
226,5,338,427,30,78,1,1,1
226,6,517,427,27,78,1,1,1
227,3,285,427,31,83,1,1,1
227,4,848,198,26,76,1,1,1
227,5,335,427,30,78,1,1,1
227,6,514,427,27,78,1,1,1
228,3,282,427,31,83,1,1,1
228,4,850,198,26,76,1,1,1
228,5,332,427,30,78,1,1,1
228,6,511,427,27,78,1,1,1
229,3,280,427,31,83,1,1,1
229,4,852,198,26,76,1,1,1
229,5,329,427,30,78,1,1,1
229,6,508,427,27,78,1,1,1
230,3,277,427,31,83,1,1,1
230,4,853,198,26,76,1,1,1
230,5,326,427,30,78,1,1,1
230,6,505,427,27,78,1,1,1
